 ID    pos     deg  speed   load     V    ℃     mA mode trq   ofs    baud
------------------------------------------------------------------------------
  4   1112    97.7      0      0  12.2   37      0    0   0 -1042 1000000
  5   2963   260.4      0      0  12.1   36      0    0   0 -1762 1000000
  6   3006   264.2      0      0  12.2   36      0    0   0 -1928 1000000
  7   1095    96.2      0      0  12.1   36      0    0   0 -1836 1000000
  8   1526   134.1      0      0  12.1   37      0    0   0  1830 1000000
  9   2554   224.5      0      0  12.2   37      0    0   0 -1900 1000000
 10   2565   225.4      0      0  12.1   38      0    0   0  2047 1000000
 11   1526   134.1      0      0  12.1   36      0    0   0 -1685 1000000
 12    377    33.1      0      0  12.1   35      0    0   0 -1636 1000000
 13   3745   329.2      0      0  12.1   36      0    0   0 -1660 1000000
 14   3850   338.4      0      0  12.2   35      0    0   0  -627 1000000
 15   2949   259.2      0      0  12.2   37      0    0   0 -1000 1000000

応答したモータ: 12個 [4, 5, 6, 7, 8, 9, 10, 11, 12, 13, 14, 15]
