 ID    pos     deg  speed   load     V    ℃     mA mode trq   ofs    baud
------------------------------------------------------------------------------
  4   1024    90.0      0      0  12.2   36      0    2   0 -1056 1000000
  5    285    25.0      0      0  12.1   35      0    2   0 -1708 1000000
  6    129    11.3      0      0  12.2   34      0    2   0 -1866 1000000
  7    228    20.0      0      0  12.1   35      0    2   0 -1849 1000000
  8   3869   340.0      0      0  12.1   36      0    2   0  1856 1000000
  9    162    14.2      0      0  12.1   36      0    2   0 -1897 1000000
 10     18     1.6      0      0  12.1   36      0    2   0  2040 1000000
 11    355    31.2      0      0  12.2   35      0    2   0 -1655 1000000
 12   4073   358.0      0      0  12.1   34      0    0   0  1025 1000000
 13     41     3.6      0      0  12.1   35      0    0   0   -15 1000000
 14     10     0.9      0      0  12.2   34      0    0   0  1156 1000000
 15   3495   307.2      0      0  12.1   37      0    0   0 -1042 1000000

応答したモータ: 12個 [4, 5, 6, 7, 8, 9, 10, 11, 12, 13, 14, 15]
