 ID    pos     deg  speed   load     V    ℃     mA mode trq   ofs    baud
------------------------------------------------------------------------------
  4    822    72.2      0      0  12.2   36      0    2   0 -1042 1000000
  5    500    43.9      0      0  12.1   35      0    2   0 -1762 1000000
  6    353    31.0      0      0  12.1   34      0    2   0 -1928 1000000
  7     24     2.1      0      0  12.1   35      0    2   0 -1836 1000000
  8   3737   328.4      0      0  12.1   36      0    2   0  1830 1000000
  9    300    26.4      0      0  12.1   36      0    2   0 -1900 1000000
 10    145    12.7      0      0  12.1   37      0    2   0  2047 1000000
 11    234    20.6    -50      0  12.1   35      0    2   0 -1685 1000000
 12   2046   179.8      0      0  12.1   34      0    0   0  1037 1000000
 13   2047   179.9      0      0  12.1   35      0    0   0   -62 1000000
 14   2048   180.0      0      0  12.2   34      0    0   0  1176 1000000
 15   3130   275.1      0      0  12.1   37      0    0   0  -996 1000000

応答したモータ: 12個 [4, 5, 6, 7, 8, 9, 10, 11, 12, 13, 14, 15]
