 ID    pos     deg  speed   load     V    ℃     mA mode trq   ofs    baud
------------------------------------------------------------------------------
  4   2074   182.3      0      0  12.3   35      0    0   0 -1818 1000000
  5   2028   178.2      0      0  12.2   34      0    0   0 -1606 1000000
  6   2011   176.7      0      0  12.2   35      0    0   0  1651 1000000
  7   2075   182.4      0      0  12.3   36      0    0   0 -1386 1000000
  8   2377   208.9      0      0  12.2   35      0    0   0 -1503 1000000
  9   1719   151.1      0      0  12.3   37      0    0   0   586 1000000
 10   1723   151.4      0      0  12.1   36      0    0   0 -1796 1000000
 11   2372   208.5      0      0  12.2   36      0    0   0  1922 1000000
 12   1710   150.3      0      0  12.1   34      0    0   0   187 1000000
 13   2555   224.6      0      0  12.1   34      0    0   0  1687 1000000
 14   3227   283.6      0      0  12.3   34      0    0   0   953 1000000
 15   1957   172.0      0      0  12.3   38      0    0   0  1278 1000000

応答したモータ: 12個 [4, 5, 6, 7, 8, 9, 10, 11, 12, 13, 14, 15]
