 ID    pos     deg  speed   load     V    ℃     mA mode trq   ofs    baud
------------------------------------------------------------------------------
  4    212    18.6      0      0  12.2   28      0    2   0 -1818 1000000
  5    477    41.9      0      0  12.2   27      0    2   0 -1606 1000000
  6   3720   327.0      0      0  12.3   28      0    2   0  1651 1000000
  7    641    56.3      0      0  12.2   29      0    2   0 -1386 1000000
  8    631    55.5     50      0  12.2   28      0    2   0 -1503 1000000
  9   2559   224.9      0      0  12.3   29      0    2   0   586 1000000
 10    179    15.7      0      0  12.1   28      0    2   0 -1796 1000000
 11   4044   355.4      0      0  12.2   29      0    2   0  1922 1000000
 12   2023   177.8      0      0  12.2   28      0    0   0  -439 1000000
 13   2047   179.9      0      0  12.1   28      0    0   0 -1780 1000000
 14   2052   180.4      0      0  12.3   28      0    0   0 -1966 1000000
 15     36     3.2      0      0  12.2   30      0    0   0  -446 1000000

応答したモータ: 12個 [4, 5, 6, 7, 8, 9, 10, 11, 12, 13, 14, 15]
